10
5 1.420466e+01 8.812267e+01 14.264345551201965 88.040112239274805 0.5 0.1 500
7 8.164761e+02 2.346018e+02 1034.2839189244837 134.41105079170575 0.5 0.1 500
7 1.641454e+02 4.279456e+01 244.77840271346403 -2.9876103728525933 0.5 0.1 500
1 4.236567e+02 1.748053e+02 421.77559640554483 208.8959102463395 0.5 0.1 500
6 2.580879e+02 4.086857e+02 498.5439286980893 380.44614517518647 0.5 0.1 500
3 8.620673e+02 8.398252e+02 791.84528951844698 718.90108935630474 0.5 0.1 500
10 6.773489e+02 7.622319e+02 684.07777593308526 690.17772049170742 0.5 0.1 500
9 4.042075e+02 1.873652e+02 399.15515302828152 308.91594303585055 0.5 0.1 500
1 1.120313e+02 5.840263e+01 368.53834246337686 180.02379463404458 0.5 0.1 500
3 1.231035e+02 6.686239e+02 143.18185835236341 845.99931259462676 0.5 0.1 500
21
6.0729620000000004
6.7901063000000006
20.190926300000001
20.454208300000001
28.994711299999999
30.172863299999999
41.3411233
48.5240863
50.944966299999997
54.306681299999994
56.885380299999994
56.994680899999992
60.634017899999989
63.786661899999991
64.029520199999993
67.473302199999992
74.571726199999986
79.357689199999982
80.806727199999983
86.792862199999988
89.870470199999986
91.129318199999986
115.41078819999998
117.13998819999999
118.16200319999999
118.57261009999999
119.9119671
120.5467608
123.6141798
124.68266680000001
135.00926680000001
135.45053060000001
137.48905960000002
138.65438860000003
142.75626260000004
143.24352910000005
152.24825610000005
156.04265010000006
165.88824310000007
167.09806510000007
191.93555510000007
209.24228510000006
19
0.61961730000000004
2.2532183000000003
3.2908573000000003
4.8440293000000008
5.8344222000000006
5.9208228300000005
6.486271630000001
10.25673463
16.505031630000001
17.736545630000002
18.022282930000003
23.443838930000002
24.711046930000002
26.026491930000002
39.387791930000006
40.017795930000005
42.898707930000008
44.368662930000006
48.293496930000003
51.454395930000004
69.664885929999997
70.504247829999997
80.216012829999997
82.873963829999994
87.098423829999987
88.081358329999986
100.79571832999999
101.11006602999998
117.56567602999999
121.15180303
146.73983303
153.10044203000001
182.30371203000001
186.55399903
201.95603903
204.00415802999999
204.47666332999998
210.26494232999997
20
9.8020969999999998
12.015454
14.539353
16.50723
22.603016
24.300788000000001
27.851727
28.197347799999999
34.7346638
36.282180799999999
41.718175799999997
42.029373999999997
55.173544
55.332071499999998
66.954121499999999
72.417355499999999
79.903401500000001
80.245808600000004
87.117923599999997
87.143438799999998
88.643988800000002
91.426371799999998
92.449481800000001
92.625794799999994
99.340413799999993
101.5637878
109.5943248
110.1204716
136.5975516
137.1147795
147.88194949999999
150.5111785
155.82539550000001
157.4389735
162.97708249999999
163.831976
197.431026
200.193321
207.27559299999999
212.72392399999998
20
6.8677599999999996
7.6083542
13.8128642
14.6462293
27.477029299999998
31.2093463
44.1857963
47.950749299999998
48.384196299999999
52.469067299999999
54.427793299999998
54.782433300000001
60.832951300000005
61.570933200000006
69.219230200000013
73.385605200000015
82.014622200000019
84.742348200000023
115.72226820000003
118.35137820000003
128.24800620000002
128.33288057000001
132.03911357000001
135.20524757000001
138.49421457000003
139.53367557000001
161.85055557000001
165.15866957
170.70699157000001
172.79020957
172.82172675000001
175.64903475
183.82038374999999
185.43468074999998
187.47563674999998
188.05838694999997
198.66449694999997
200.98675194999998
232.60001194999998
232.86819474999999
23
4.5340100000000003
11.591809000000001
35.487369000000001
40.400981000000002
42.744306999999999
45.241656999999996
49.512199999999993
49.642389399999992
64.689539399999987
66.233270399999981
67.182910799999988
68.747364799999986
69.668857399999979
72.685453399999972
77.930975399999966
80.181472399999961
81.244948399999956
83.321237399999958
84.604832399999964
84.99530809999996
98.04804809999996
101.29290909999996
119.12917909999996
124.98899209999996
133.37036809999995
134.66932309999996
137.07205109999995
138.09511709999995
146.30072609999996
147.48993709999996
175.62184709999997
175.83569959999997
176.12876849999998
177.49740449999999
184.04710249999999
187.08724649999999
189.15724649999999
190.74351549999997
195.67989949999998
196.81162949999998
201.80198049999998
202.18425069999998
204.54915869999996
204.97645079999995
224.68487079999994
230.12488079999994
17
7.221654
9.7378499999999999
24.513289999999998
24.691370599999999
47.000690599999999
51.833359600000001
82.161059600000002
82.902929299999997
85.205323300000003
88.504145300000005
90.022803300000007
91.165431300000009
97.095176300000006
106.8378503
107.65745939999999
108.5978025
117.7199105
120.5565715
124.49552250000001
126.5175155
143.9917255
144.78316230000001
159.87506230000002
160.10004710000001
161.98649210000002
164.60038110000002
179.36901110000002
180.92399210000002
185.66210710000001
186.28319110000001
187.04207390000002
195.78175890000003
200.45384490000004
205.08759290000003
24
0.63316839999999996
2.2136624
16.4659324
17.617290400000002
18.092306400000002
19.454393400000001
34.440823399999999
37.1719054
37.262428409999998
37.873721410000002
54.816501410000001
60.879409410000001
61.322091710000002
62.488786709999999
65.620077710000004
66.512847010000002
72.452497010000002
73.613970010000003
88.173190009999999
90.064820010000005
96.364666010000008
96.766859010000005
102.06450501
104.55632701
108.53359601000001
110.23086301000001
110.91349381000001
114.30885081000001
114.48339731000002
114.85362751000001
115.90220351000001
117.00000051000001
126.61266751000001
127.62537651000001
129.41722451000001
130.85589651000001
136.30261851
137.19170471000001
150.23839471000002
151.53537971000003
155.43982271000002
155.54154151
165.67859150999999
166.84809050999999
192.30584051
195.04768350999998
211.40429350999997
213.66132150999996
18
7.2295499999999997
9.6564540000000001
13.423190999999999
16.073685999999999
23.405953999999998
25.287368999999998
27.271410999999997
27.361165929999999
40.215475929999997
43.05602193
74.504211929999997
77.79435792999999
82.952469929999992
83.04858630999999
83.744514509999988
83.907391609999991
86.402867609999987
86.919394809999986
88.037862809999979
90.121610809999979
97.290545809999983
98.038643709999988
102.54593970999998
103.17933410999999
104.03741890999999
107.10754690999998
123.96924690999998
124.56174720999998
159.23012720999998
159.24526422999998
184.74658422999997
185.51497922999997
194.60388222999995
194.70243832999995
247.17900832999996
249.77296532999995
16
7.5937169999999998
9.4919399999999996
24.937469999999998
26.497658999999999
44.762778999999995
46.531394999999996
60.798334999999994
64.757914
88.568534
90.816862
92.805713999999995
99.991630000000001
105.899136
106.3878655
121.6486855
121.95512100000001
131.51627000000002
132.32004110000003
143.95504110000002
144.67222230000002
145.98002330000003
148.10550330000004
159.88625330000005
162.99469830000004
171.18833330000004
171.48649210000005
190.22892210000003
190.41913660000003
192.11254060000002
194.07546860000002
210.66385860000003
212.88873260000003
15
3.76864
4.4537341000000001
13.3515721
20.943726099999999
27.507722099999999
29.291616099999999
37.733704099999997
37.854661099999994
44.958839099999992
49.70422409999999
70.495474099999996
71.717700100000002
75.544788100000005
75.65952080000001
80.251816800000014
81.280164800000009
96.555674800000006
101.0030158
106.67421280000001
109.06928880000001
114.31388280000002
115.80185180000002
118.00777480000002
121.37964980000002
127.05620780000002
128.55901980000002
162.27457980000003
165.99973080000004
215.26350080000003
220.09374780000002
num_nodes is set 20
